# mysql> select id,mainframe,channel from hvbaf_map where id <= 384 order by id;
   1          1        1  
   2          1        2  
   3          1        3  
   4          1        4  
   5          1        5  
   6          1        6  
   7          1        7  
   8          1        8  
   9          1        9  
  10          1       10  
  11          1       11  
  12          1       12  
  13          1       13  
  14          1       14  
  15          1       15  
  16          1       16  
  17          1       17  
  18          1       18  
  19          1       19  
  20          1       20  
  21          1       21  
  22          1       22  
  23          1       23  
  24          1       24  
  25          1       25  
  26          1       26  
  27          1       27  
  28          1       28  
  29          1       29  
  30          1       30  
  31          1       31  
  32          1       32  
  33          1       33  
  34          1       34  
  35          1       35  
  36          1       36  
  37          1       37  
  38          1       38  
  39          1       39  
  40          1       40  
  41          1       41  
  42          1       42  
  43          1       43  
  44          1       44  
  45          1       45  
  46          1       46  
  47          1       47  
  48          1       48  
  49          1       49  
  50          1       50  
  51          1       51  
  52          1       52  
  53          1       53  
  54          1       54  
  55          1       55  
  56          1       56  
  57          1       57  
  58          1       58  
  59          1       59  
  60          1       60  
  61          1       61  
  62          1       62  
  63          1       63  
  64          1       64  
  65          1       65  
  66          1       66  
  67          1       67  
  68          1       68  
  69          1       69  
  70          1       70  
  71          1       71  
  72          1       72  
  73          1       73  
  74          1       74  
  75          1       75  
  76          1       76  
  77          1       77  
  78          1       78  
  79          1       79  
  80          1       80  
  81          1       81  
  82          1       82  
  83          1       83  
  84          1       84  
  85          1       85  
  86          1       86  
  87          1       87  
  88          1       88  
  89          1       89  
  90          1       90  
  91          1       91  
  92          1       92  
  93          1       93  
  94          1       94  
  95          1       95  
  96          1       96  
  97          1       97  
  98          1       98  
  99          1       99  
 100          1      100  
 101          1      101  
 102          1      102  
 103          1      103  
 104          1      104  
 105          1      105  
 106          1      106  
 107          1      107  
 108          1      108  
 109          1      109  
 110          1      110  
 111          1      111  
 112          1      112  
 113          1      113  
 114          1      114  
 115          1      115  
 116          1      116  
 117          1      117  
 118          1      118  
 119          1      119  
 120          1      120  
 121          1      121  
 122          1      122  
 123          1      123  
 124          1      124  
 125          1      125  
 126          1      126  
 127          1      127  
 128          1      128  
 129          1      129  
 130          1      130  
 131          1      131  
 132          1      132  
 133          1      133  
 134          1      134  
 135          1      135  
 136          1      136  
 137          1      137  
 138          1      138  
 139          1      139  
 140          1      140  
 141          1      141  
 142          1      142  
 143          1      143  
 144          1      144  
 145          1      145  
 146          1      146  
 147          1      147  
 148          1      148  
 149          1      149  
 150          1      150  
 151          1      151  
 152          1      152  
 153          1      153  
 154          1      154  
 155          1      155  
 156          1      156  
 157          1      157  
 158          1      158  
 159          1      159  
 160          1      160  
 161          1      161  
 162          1      162  
 163          1      163  
 164          1      164  
 165          1      165  
 166          1      166  
 167          1      167  
 168          1      168  
 169          1      169  
 170          1      170  
 171          1      171  
 172          1      172  
 173          1      173  
 174          1      174  
 175          1      175  
 176          1      176  
 177          1      177  
 178          1      178  
 179          1      179  
 180          1      180  
 181          1      181  
 182          1      182  
 183          1      183  
 184          1      184  
 185          1      185  
 186          1      186  
 187          1      187  
 188          1      188  
 189          1      189  
 190          1      190  
 191          1      191  
 192          1      192  
 193          1      193  
 194          1      194  
 195          1      195  
 196          1      196  
 197          1      197  
 198          1      198  
 199          1      199  
 200          1      200  
 201          1      201  
 202          1      202  
 203          1      203  
 204          1      204  
 205          1      205  
 206          1      206  
 207          1      207  
 208          1      208  
 209          1      209  
 210          1      210  
 211          1      211  
 212          1      212  
 213          1      213  
 214          1      214  
 215          1      215  
 216          1      216  
 217          1      217  
 218          1      218  
 219          1      219  
 220          1      220  
 221          1      221  
 222          1      222  
 223          1      223  
 224          1      224  
 225          1      225  
 226          1      226  
 227          1      227  
 228          1      228  
 229          1      229  
 230          1      230  
 231          1      231  
 232          1      232  
 233          1      233  
 234          1      234  
 235          1      235  
 236          1      236  
 237          1      237  
 238          1      238  
 239          1      239  
 240          1      240  
 241          1      241  
 242          1      242  
 243          1      243  
 244          1      244  
 245          1      245  
 246          1      246  
 247          1      247  
 248          1      248  
 249          1      249  
 250          1      250  
 251          1      251  
 252          1      252  
 253          1      253  
 254          1      254  
 255          1      255  
 256          1      256  
 257          2        1  
 258          2        2  
 259          2        3  
 260          2        4  
 261          2        5  
 262          2        6  
 263          2        7  
 264          2        8  
 265          2        9  
 266          2       10  
 267          2       11  
 268          2       12  
 269          2       13  
 270          2       14  
 271          2       15  
 272          2       16  
 273          2       17  
 274          2       18  
 275          2       19  
 276          2       20  
 277          2       21  
 278          2       22  
 279          2       23  
 280          2       24  
 281          2       25  
 282          2       26  
 283          2       27  
 284          2       28  
 285          2       29  
 286          2       30  
 287          2       31  
 288          2       32  
 289          2       33  
 290          2       34  
 291          2       35  
 292          2       36  
 293          2       37  
 294          2       38  
 295          2       39  
 296          2       40  
 297          2       41  
 298          2       42  
 299          2       43  
 300          2       44  
 301          2       45  
 302          2       46  
 303          2       47  
 304          2       48  
 305          2       49  
 306          2       50  
 307          2       51  
 308          2       52  
 309          2       53  
 310          2       54  
 311          2       55  
 312          2       56  
 313          2       57  
 314          2       58  
 315          2       59  
 316          2       60  
 317          2       61  
 318          2       62  
 319          2       63  
 320          2       64  
 321          2       65  
 322          2       66  
 323          2       67  
 324          2       68  
 325          2       69  
 326          2       70  
 327          2       71  
 328          2       72  
 329          2       73  
 330          2       74  
 331          2       75  
 332          2       76  
 333          2       77  
 334          2       78  
 335          2       79  
 336          2       80  
 337          2       81  
 338          2       82  
 339          2       83  
 340          2       84  
 341          2       85  
 342          2       86  
 343          2       87  
 344          2       88  
 345          2       89  
 346          2       90  
 347          2       91  
 348          2       92  
 349          2       93  
 350          2       94  
 351          2       95  
 352          2       96  
 353          2       97  
 354          2       98  
 355          2       99  
 356          2      100  
 357          2      101  
 358          2      102  
 359          2      103  
 360          2      104  
 361          2      105  
 362          2      106  
 363          2      107  
 364          2      108  
 365          2      109  
 366          2      110  
 367          2      111  
 368          2      112  
 369          2      113  
 370          2      114  
 371          2      115  
 372          2      116  
 373          2      117  
 374          2      118  
 375          2      119  
 376          2      120  
 377          2      121  
 378          2      122  
 379          2      123  
 380          2      124  
 381          2      125  
 382          2      126  
 383          2      127  
 384          2      128  
