# elem (global module number), crate, module, (channel)
0   1   0   0
1   1   1   0
2   1   2   0
3   1   3   0
4   1   4   0
5   1   5   0
6   1   6   0
7   1   7   0
8   1   8   0
9   1   9   0
10  1   10  0
11  1   11  0
12  1   12  0
13  1   13  0
14  1   14  0
15  1   15  0
16  2   0   0
17  2   1   0
18  2   2   0
19  2   3   0
20  2   4   0
21  2   5   0
22  2   6   0
23  2   7   0
24  2   8   0
25  2   9   0
26  2   10  0
27  2   11  0
28  2   12  0
29  2   13  0
30  2   14  0
31  2   15  0
32  3   0   0
33  3   1   0
34  3   2   0
35  3   3   0
36  3   4   0
37  3   5   0
38  3   6   0
39  3   7   0
40  3   8   0
41  3   9   0
42  3   10  0
43  3   11  0
44  3   12  0
45  3   13  0
46  3   14  0
47  3   15  0
48  4   0   0
49  4   1   0
50  4   2   0
51  4   3   0
52  4   4   0
53  4   5   0
54  4   6   0
55  4   7   0
56  4   8   0
57  4   9   0
58  4   10  0
59  4   11  0
60  4   12  0
61  4   13  0
62  4   14  0
63  4   15  0
64  5   0   0
65  5   1   0
66  5   2   0
67  5   3   0
68  5   4   0
69  5   5   0
70  5   6   0
71  5   7   0
72  5   8   0
73  5   9   0
74  5   10  0
75  5   11  0
76  5   12  0
77  5   13  0
78  5   14  0
79  5   15  0
80  6   0   0
81  6   1   0
82  6   2   0
83  6   3   0
84  6   4   0
85  6   5   0
86  6   6   0
87  6   7   0
88  6   8   0
89  6   9   0
90  6   10  0
91  6   11  0
92  6   12  0
93  6   13  0
94  6   14  0
95  6   15  0

