# mysql> select id,mainframe,channel from hvpwo_map where id <= 72 order by id;
  1          2      145  
  2          2      146  
  3          2      147  
  4          2      148  
  5          2      149  
  6          2      150  
  7          2      151  
  8          2      152  
  9          2      153  
 10          2      154  
 11          2      155  
 12          2      156  
 13          2      157  
 14          2      158  
 15          2      159  
 16          2      160  
 17          2      161  
 18          2      162  
 19          2      163  
 20          2      164  
 21          2      165  
 22          2      166  
 23          2      167  
 24          2      168  
 25          2      169  
 26          2      170  
 27          2      171  
 28          2      172  
 29          2      173  
 30          2      174  
 31          2      175  
 32          2      176  
 33          2      177  
 34          2      178  
 35          2      179  
 36          2      180  
 37          2      181  
 38          2      182  
 39          2      183  
 40          2      184  
 41          2      185  
 42          2      186  
 43          2      187  
 44          2      188  
 45          2      189  
 46          2      190  
 47          2      191  
 48          2      192  
 49          2      193  
 50          2      194  
 51          2      195  
 52          2      196  
 53          2      197  
 54          2      198  
 55          2      199  
 56          2      200  
 57          2      201  
 58          2      202  
 59          2      203  
 60          2      204  
 61          2      205  
 62          2      206  
 63          2      207  
 64          2      208  
 65          2      209  
 66          2      210  
 67          2      211  
 68          2      212  
 69          2      213  
 70          2      214  
 71          2      215  
 72          2      216  
