# elem (global module number), crate, module, (channel)
0   7   0   0
1   7   1   0
2   7   2   0
3   7   3   0
4   7   4   0
5   7   5   0
6   7   6   0
7   7   7   0
8   7   8   0
9   7   9   0
10  7   10  0
11  7   11  0
12  7   12  0
13  7   13  0
14  7   14  0
15  7   15  0
16  8   0   0
17  8   1   0
18  8   2   0
19  8   3   0
20  8   4   0
21  8   5   0
22  8   6   0
23  8   7   0
24  8   8   0
25  8   9   0
26  8   10  0
27  8   11  0
28  8   12  0
29  8   13  0
30  8   14  0
31  8   15  0
32  9   0   0
33  9   1   0
34  9   2   0
35  9   3   0
36  9   4   0
37  9   5   0
38  9   6   0
39  9   7   0
40  9   8   0
41  9   9   0
42  9   10  0
43  9   11  0
44  9   12  0
45  9   13  0
46  9   14  0
47  9   15  0
