# TAPSMaintain database table export
# Table: hvpwo_par

# ID    Value
  1    1244
  2    1290
  3    1235
  4    1205
  5    1187
  6    1190
  7    1247
  8    1243
  9    0
 10    1250
 11    1232
 12    1238
 13    1292
 14    1290
 15    1234
 16    1388
 17    0
 18    1400
 19    1160
 20    1317
 21    1347
 22    1142
 23    0
 24    1330
 25    1309
 26    1328
 27    1348
 28    1304
 29    1186
 30    1143
 31    1109
 32    1224
 33    1300
 34    1134
 35    1161
 36    1414
 37    1203
 38    1417
 39    1232
 40    1297
 41    1134
 42    1107
 43    1186
 44    1231
 45    1199
 46    1314
 47    1281
 48    1247
 49    1299
 50    1423
 51    1272
 52    1281
 53    1393
 54    1228
 55    1222
 56    1282
 57    1296
 58    1259
 59    1162
 60    1379
 61    1334
 62    1281
 63    1224
 64    1272
 65    1483
 66    1179
 67    1280
 68    1285
 69    1147
 70    1204
 71    1156
 72    0
