5935
5703
5778
5754
5348
5623
5263
5603
5400
5482
5825
5935
5607
5794
5680
5550
5684
5688
5535
5306
5542
5739
5458
5245
5538
5534
5769
5812
5809
5494
5689
5714
5322
5619
5491
5327
5846
5640
5394
5193
5371
5603
5451
5389
5809
5827
5875
5613
5812
5648
5380
5688
5834
5730
5964
6142
5650
5656
5481
5383
5747
5701
5594
5433
5351
5503
5416
5686
5806
5876
5581
5901
5717
5798
5767
5697
5964
5878
5875
5973
5779
5709
6019
5977
5536
5526
5682
5346
5715
5544
5517
5635
5635
5890
5761
5899
5957
5640
5829
5880
5589
5871
5555
5570
5685
5338
5779
5983
5896
6035
6098
5771
5719
5936
5937
5815
5734
5756
6027
6011
5310
5607
5628
5495
5672
5773
5911
5976
5611
5706
5726
5693
5947
5537
5731
5703
5570
5757
5152
5061
5434
5757
5656
5701
5792
5880
5721
5993
5627
5748
5556
5382
5807
5921
5804
5474
5460
5758
5681
5786
5422
5138
5477
5518
5546
5499
5617
5607
5775
5834
5734
5834
5339
5394
5333
5097
5201
5625
5432
5612
5496
5409
5550
5647
5531
5604
5686
5951
5757
5707
5547
5845
5583
6026
5706
6149
4946
5388
5610
5802
5610
5574
4987
5944
5404
5408
5506
5720
5397
5501
4957
5433
5831
5391
5699
5721
5353
5370
5424
5649
5977
5953
5829
5765
5736
5684
5662
5662
5251
5095
5356
5341
5335
5758
5514
5522
5694
5907
5831
5906
5140
5366
5429
5863
5411
5352
5543
5660
5425
5692
5601
5327
5847
5419
5644
5397
5698
5819
5874
5499
5841
5878
5721
5896
5607
6087
5964
6065
5746
5571
5293
5764
5858
5533
5736
5463
5657
5762
5930
5871
5919
5463
5160
5609
5659
5943
5772
5643
5458
5597
5653
5878
5407
5448
5371
5295
5714
5635
5691
5707
5511
5519
5640
5374
5882
5783
5668
5314
5826
5802
6082
5711
5468
5539
5629
5523
5748
5689
5812
5835
5462
5383
5134
5597
5349
5330
5523
5495
6000
5662
5956
5943
5470
5795
5631
5527
5664
5757
5623
5481
5715
5521
5819
6069
5349
5443
5210
5638
5697
5780
5809
5444
5594
5724
5771
5646
5159
5277
5230
5582
5815
5268
5595
5639
5877
5586
5834
5777
5811
6099
5953
5781
5497
5622
5737
5918
5796
6041
5895
5718
5757
5764
5874
5894
