# TAPSMaintain database table export
# Table: qacsgs_par

# ID    Value
  1    5835
  2    5369
  3    5288
  4    5582
  5    2947
  6    4436
  7    3011
  8    4749
  9    3338
 10    3306
 11    5548
 12    5632
 13    4894
 14    5065
 15    4164
 16    4096
 17    5522
 18    5124
 19    4653
 20    3176
 21    5105
 22    5133
 23    4574
 24    3094
 25    4618
 26    4861
 27    5214
 28    5528
 29    4881
 30    4566
 31    4854
 32    5308
 33    3019
 34    4671
 35    3302
 36    3207
 37    5506
 38    5192
 39    3125
 40    3099
 41    4096
 42    4384
 43    4707
 44    3296
 45    5329
 46    5857
 47    5556
 48    4419
 49    5575
 50    4813
 51    3350
 52    4744
 53    5753
 54    5387
 55    5723
 56    6068
 57    4973
 58    5056
 59    4569
 60    3403
 61    5276
 62    5146
 63    4702
 64    3409
 65    2937
 66    3214
 67    3104
 68    4728
 69    4974
 70    5612
 71    4796
 72    5788
 73    5172
 74    5100
 75    4947
 76    4750
 77    5978
 78    5374
 79    5569
 80    5828
 81    5639
 82    5033
 83    6294
 84    5968
 85    4096
 86    4501
 87    4503
 88    3077
 89    5253
 90    4817
 91    4498
 92    4861
 93    4946
 94    5833
 95    5477
 96    5332
 97    6603
 98    4955
 99    5391
100    5633
101    4904
102    5694
103    4886
104    4789
105    4972
106    2890
107    5306
108    5747
109    5875
110    5742
111    6245
112    5313
113    5462
114    5800
115    5867
116    5691
117    5237
118    5170
119    5658
120    5478
121    3335
122    3371
123    4784
124    3187
125    5133
126    5259
127    5847
128    5574
129    4644
130    4628
131    4915
132    4491
133    5407
134    3344
135    4756
136    4654
137    4492
138    5366
139    2810
140    2798
141    3125
142    5062
143    5126
144    5031
145    5552
146    5906
147    5204
148    5573
149    4096
150    5008
151    4664
152    3294
153    4872
154    5254
155    4725
156    3287
157    3143
158    5169
159    4854
160    4980
161    2984
162    2923
163    3351
164    4740
165    3301
166    4096
167    3880
168    4816
169    4723
170    5803
171    5414
172    4891
173    2938
174    4106
175    2909
176    2884
177    3161
178    4404
179    4910
180    4654
181    3540
182    3098
183    3379
184    4076
185    4831
186    4436
187    4836
188    5955
189    5885
190    5526
191    5020
192    5891
193    4672
194    6127
195    5407
196    6158
197    2887
198    3042
199    4088
200    4878
201    4548
202    4806
203    2900
204    5989
205    3275
206    2934
207    4457
208    4616
209    3281
210    4096
211    2848
212    3222
213    5602
214    4456
215    5899
216    4778
217    3300
218    3746
219    4551
220    5245
221    6212
222    5949
223    5694
224    5581
225    5558
226    5150
227    5323
228    4941
229    2901
230    2893
231    3249
232    2887
233    4079
234    5012
235    4752
236    4604
237    5348
238    5872
239    5343
240    5748
241    2858
242    3114
243    3366
244    5758
245    3355
246    3186
247    4768
248    5130
249    4629
250    4504
251    4972
252    3042
253    4906
254    3219
255    4779
256    2961
257    4860
258    5538
259    5306
260    4741
261    5515
262    5723
263    5058
264    5324
265    5161
266    6275
267    5524
268    5936
269    5122
270    4783
271    3167
272    5433
273    5526
274    4409
275    5048
276    4705
277    5420
278    5454
279    6019
280    5812
281    5386
282    3608
283    2845
284    4645
285    4844
286    5720
287    4667
288    4824
289    4097
290    5013
291    5069
292    5796
293    3388
294    3307
295    3215
296    3333
297    4658
298    5146
299    4790
300    4855
301    4764
302    4883
303    4912
304    4416
305    5995
306    5393
307    5079
308    3347
309    5935
310    5300
311    6206
312    4907
313    4423
314    4752
315    4819
316    4591
317    5272
318    5425
319    5660
320    5424
321    3252
322    3438
323    2969
324    4528
325    2961
326    3116
327    4096
328    4139
329    5847
330    5157
331    5893
332    5889
333    4550
334    5476
335    5114
336    4935
337    4934
338    5216
339    4766
340    4187
341    5073
342    5552
343    5576
344    6317
345    2882
346    3419
347    2894
348    4754
349    4963
350    5126
351    4686
352    3158
353    5004
354    4990
355    4979
356    4809
357    2855
358    3038
359    2958
360    4676
361    5134
362    2885
363    4822
364    4505
365    5001
366    4668
367    4781
368    5022
369    5464
370    6483
371    5527
372    5352
373    4579
374    4788
375    5131
376    5415
377    5532
378    6030
379    5482
380    5206
381    4096
382    5004
383    5124
384    5470
