5043
5024
4944
5054
4636
4899
4647
4860
4831
4767
5158
5258
2365
2419
2355
2316
5140
5024
4795
4589
4946
4912
4756
4590
4791
4995
5124
5204
5044
4799
4975
5045
4736
4953
4797
4799
5122
5143
4652
4668
4791
5013
4939
4821
5146
5183
5221
4931
5178
4904
4793
4984
5192
5015
5157
5238
4989
4937
4817
4640
5249
5221
5140
5012
4607
4676
4662
4841
5144
5440
5105
5410
5098
5178
5139
5026
5302
5211
5261
5317
5177
4888
5382
5187
4906
4846
4852
4781
5036
4863
4929
4977
4921
5201
5153
5181
5409
4849
5178
5099
4981
5206
4831
4822
5086
4563
5089
5181
5307
5304
5413
5156
5206
5061
5293
5173
4961
5124
5169
5288
4846
4913
5084
5014
5021
4994
5198
5122
5026
4941
5015
4915
5245
4865
4982
4947
4669
4956
4057
3824
4725
5177
4979
5060
5204
5187
5210
5287
4976
5133
4974
4660
5081
5134
5124
4880
4692
5081
4996
5046
4750
4717
4732
4953
4777
4801
4795
4900
4654
5132
5075
5004
4657
4799
4742
4236
4684
4847
4976
4688
4787
4724
4826
4903
5133
4930
5014
5246
5200
5168
4921
5243
4683
5242
4997
5222
3397
4653
4868
5030
4959
4963
3573
5225
4862
4624
4991
4933
4854
4745
3873
4661
5205
4778
5204
4986
4643
4770
4846
4998
5344
5267
5228
5252
5150
4992
5108
5056
4651
4425
4833
4700
4613
5007
4871
4715
5080
5303
5155
5280
4451
4758
4835
5076
4804
4813
4892
4925
4770
4778
4853
4170
5206
4750
5074
4734
4775
5052
5040
4770
5100
5245
5036
5112
4962
5505
5218
5318
5139
4961
4852
5076
5218
4954
5174
4997
5098
5210
5279
5286
5002
4768
4505
4949
5076
5266
4968
4974
5021
4989
5194
5209
4676
4676
4589
4599
4948
5081
4907
4949
4898
4954
4891
4910
5240
4949
4861
4633
5135
4972
5394
5030
4889
4953
4923
4877
4989
5090
5166
5070
4712
4701
4486
5007
4806
4864
4848
4809
5344
4924
5356
5321
4802
5093
5088
4886
4963
5018
4790
4749
4754
5061
5000
5266
4637
4817
4610
4968
4985
5178
5078
4812
4983
5012
4960
4878
4516
4596
4516
4865
5143
4475
4898
4883
5016
4864
5053
5034
5295
5489
5200
5202
4871
4944
5192
5194
5059
5331
5085
4965
4820
5102
5115
5092
