# TAPSMaintain database table export
# Table: vled_par

# ID    Value
  1    -999
  2    -999
  3    -180
  4    -999
  5    -115
  6    -110
  7    -110
  8    -114
  9    -120
 10    -115
 11    -110
 12    -115
 13    -90
 14    -107
 15    -107
 16    -160
 17    -95
 18    -77
 19    -90
 20    -90
 21    -100
 22    -100
 23    -94
 24    -105
 25    -115
 26    -110
 27    -90
 28    -110
 29    -105
 30    -94
 31    -100
 32    -70
 33    -120
 34    -150
 35    -130
 36    -130
 37    -100
 38    -138
 39    -110
 40    -120
 41    -130
 42    -80
 43    -119
 44    -121
 45    -130
 46    -160
 47    -150
 48    -140
 49    -107
 50    -110
 51    -107
 52    -105
 53    -131
 54    -110
 55    -118
 56    -114
 57    -150
 58    -129
 59    -113
 60    -118
 61    -114
 62    -140
 63    -130
 64    -120
 65    -999
 66    -999
 67    -999
 68    -75
 69    -75
 70    -74
 71    -82
 72    -115
 73    -70
 74    -65
 75    -65
 76    -80
 77    -70
 78    -65
 79    -92
 80    -85
 81    -68
 82    -54
 83    -52
 84    -56
 85    -55
 86    -57
 87    -50
 88    -45
 89    -50
 90    -60
 91    -50
 92    -50
 93    -140
 94    -50
 95    -45
 96    -50
 97    -85
 98    -90
 99    -90
100    -90
101    -95
102    -85
103    -105
104    -100
105    -95
106    -85
107    -105
108    -110
109    -81
110    -106
111    -105
112    -108
113    -76
114    -80
115    -45
116    -59
117    -69
118    -68
119    -62
120    -89
121    -106
122    -68
123    -81
124    -79
125    -92
126    -67
127    -80
128    -87
129    -100
130    -100
131    -999
132    -80
133    -65
134    -70
135    -70
136    -65
137    -56
138    -60
139    -67
140    -59
141    -63
142    -60
143    -60
144    -70
145    -45
146    -53
147    -50
148    -65
149    -48
150    -66
151    -66
152    -80
153    -30
154    -70
155    -60
156    -75
157    -60
158    -65
159    -60
160    -60
161    -65
162    -65
163    -65
164    -75
165    -70
166    -60
167    -71
168    -76
169    -77
170    -65
171    -72
172    -67
173    -61
174    -65
175    -65
176    -75
177    -130
178    -130
179    -138
180    -145
181    -155
182    -156
183    -156
184    -160
185    -145
186    -135
187    -147
188    -150
189    -47
190    -95
191    -100
192    -169
193    -999
194    -999
195    -999
196    -80
197    -110
198    -110
199    -110
200    -120
201    -110
202    -120
203    -140
204    -100
205    -70
206    -95
207    -105
208    -105
209    -130
210    -130
211    -135
212    -115
213    -155
214    -160
215    -140
216    -145
217    -130
218    -140
219    -150
220    -150
221    -120
222    -140
223    -138
224    -135
225    -90
226    -95
227    -85
228    -90
229    -93
230    -110
231    -100
232    -110
233    -90
234    -95
235    -105
236    -95
237    -90
238    -85
239    -90
240    -90
241    -120
242    -125
243    -85
244    -90
245    -130
246    -120
247    -140
248    -120
249    -80
250    -125
251    -130
252    -130
253    -106
254    -110
255    -110
256    -110
257    -120
258    -120
259    -120
260    -70
261    -150
262    -150
263    -150
264    -150
265    -80
266    -75
267    -65
268    -140
269    -75
270    -60
271    -60
272    -70
273    -85
274    -80
275    -90
276    -100
277    -85
278    -95
279    -95
280    -100
281    -90
282    -100
283    -95
284    -110
285    -100
286    -100
287    -100
288    -150
289    -75
290    -110
291    -120
292    -146
293    -60
294    -125
295    -130
296    -135
297    -140
298    -140
299    -130
300    -145
301    -120
302    -120
303    -145
304    -105
305    -65
306    -65
307    -70
308    -90
309    -100
310    -100
311    -150
312    -150
313    -110
314    -80
315    -80
316    -90
317    -65
318    -64
319    -70
320    -80
321    -999
322    -999
323    -999
324    -999
325    -999
326    -999
327    -999
328    -999
329    -90
330    -65
331    -150
332    -120
333    -200
334    -200
335    -300
336    -200
337    -45
338    -50
339    -45
340    -40
341    -49
342    -47
343    -45
344    -50
345    -60
346    -45
347    -55
348    -50
349    -80
350    -65
351    -100
352    -50
353    -150
354    -150
355    -200
356    -170
357    -120
358    -125
359    -120
360    -125
361    -135
362    -120
363    -130
364    -135
365    -160
366    -170
367    -170
368    -150
369    -110
370    -80
371    -85
372    -80
373    -95
374    -105
375    -105
376    -95
377    -80
378    -110
379    -90
380    -75
381    -70
382    -85
383    -65
384    -110
