# TAPSMaintain database table export
# Table: hvbaf_par

# ID    Value
  1    0
  2    0
  3    0
  4    1409
  5    1484
  6    1782
  7    1386
  8    1336
  9    1540
 10    1256
 11    1391
 12    1350
 13    1382
 14    1317
 15    1308
 16    1342
 17    1373
 18    1361
 19    1453
 20    1461
 21    1300
 22    1407
 23    1258
 24    1306
 25    1581
 26    1495
 27    1529
 28    1388
 29    1276
 30    1329
 31    1242
 32    1331
 33    1415
 34    1277
 35    1277
 36    1479
 37    1319
 38    1314
 39    1382
 40    1283
 41    1304
 42    1254
 43    1307
 44    1305
 45    1258
 46    1182
 47    1254
 48    1365
 49    1419
 50    1271
 51    1351
 52    1401
 53    1485
 54    1339
 55    1342
 56    1431
 57    1295
 58    1304
 59    1387
 60    1305
 61    1408
 62    1301
 63    1335
 64    1388
 65    0
 66    0
 67    0
 68    1339
 69    1483
 70    1380
 71    1505
 72    1353
 73    1426
 74    1387
 75    1414
 76    1337
 77    1450
 78    1269
 79    1377
 80    1317
 81    1315
 82    1262
 83    1355
 84    1307
 85    1325
 86    1326
 87    1320
 88    1307
 89    1341
 90    1331
 91    1308
 92    1253
 93    1377
 94    1316
 95    1417
 96    1318
 97    1347
 98    1286
 99    1377
100    1374
101    1321
102    1231
103    1292
104    1307
105    1357
106    1290
107    1249
108    1331
109    1225
110    1342
111    1394
112    1391
113    1253
114    1338
115    1213
116    1241
117    1256
118    1301
119    1219
120    1539
121    1236
122    1280
123    1365
124    1509
125    1156
126    1402
127    1500
128    1284
129    0
130    0
131    0
132    1391
133    1445
134    1398
135    1522
136    1342
137    1392
138    1523
139    1340
140    1371
141    1339
142    1342
143    1410
144    1324
145    1254
146    1294
147    1402
148    1331
149    1436
150    1277
151    1319
152    1284
153    1346
154    1333
155    1291
156    1258
157    1456
158    1183
159    1318
160    1498
161    1320
162    1310
163    1225
164    1615
165    1332
166    1277
167    1149
168    1229
169    1410
170    1256
171    1258
172    1290
173    1405
174    1235
175    1341
176    1484
177    1207
178    1304
179    1188
180    1277
181    1156
182    1254
183    1403
184    1298
185    1337
186    1354
187    1197
188    1349
189    1332
190    1226
191    1172
192    1372
193    0
194    0
195    0
196    1382
197    1420
198    1546
199    1410
200    1438
201    1477
202    1359
203    1442
204    1356
205    1349
206    1342
207    1368
208    1231
209    1291
210    1289
211    1287
212    1324
213    1397
214    1204
215    1300
216    1290
217    1413
218    1326
219    1397
220    1321
221    1358
222    1368
223    1436
224    1301
225    1427
226    1310
227    1311
228    1355
229    1306
230    1275
231    1313
232    1177
233    1321
234    1262
235    1396
236    1330
237    1325
238    1338
239    1357
240    1290
241    1195
242    1206
243    1425
244    1344
245    1373
246    1398
247    1358
248    1210
249    1318
250    1458
251    1280
252    1396
253    1437
254    1381
255    1343
256    1327
257    0
258    0
259    0
260    1374
261    1430
262    1436
263    1453
264    1389
265    1430
266    1463
267    1289
268    1352
269    1430
270    1480
271    1298
272    1303
273    1314
274    1290
275    1308
276    1304
277    1311
278    1396
279    1284
280    1429
281    1391
282    1290
283    1259
284    1317
285    1277
286    1308
287    1414
288    1377
289    1266
290    1200
291    1375
292    1298
293    1241
294    1271
295    1307
296    1340
297    1338
298    1232
299    1141
300    1294
301    1261
302    1520
303    1434
304    1296
305    1317
306    1299
307    1388
308    1201
309    1120
310    1261
311    1224
312    1308
313    1294
314    1542
315    1325
316    1307
317    1288
318    1298
319    1287
320    1261
321    0
322    0
323    0
324    1341
325    1398
326    1362
327    1354
328    1455
329    1370
330    1376
331    1315
332    1316
333    1342
334    1288
335    1288
336    1198
337    1423
338    1387
339    1390
340    1339
341    1461
342    1268
343    1326
344    1317
345    1442
346    1349
347    1253
348    1350
349    1415
350    1386
351    1252
352    1352
353    1337
354    1434
355    1323
356    1360
357    1234
358    1228
359    1343
360    1558
361    1231
362    1348
363    1366
364    1309
365    1361
366    1238
367    1180
368    1217
369    1122
370    1454
371    1245
372    1298
373    1313
374    1326
375    1338
376    1217
377    1234
378    1152
379    1260
380    1246
381    1379
382    1346
383    1467
384    1369
