# TAPSMaintain database table export
# Table: vqac_par

# ID    Value
  1    3194
  2    3758
  3    3860
  4    3930
  5    2025
  6    2293
  7    1612
  8    3509
  9    2086
 10    1764
 11    3843
 12    3947
 13    2252
 14    2074
 15    1891
 16    2176
 17    1670
 18    2074
 19    2161
 20    2196
 21    1835
 22    1805
 23    1992
 24    2317
 25    2006
 26    3837
 27    3557
 28    2363
 29    2264
 30    4096
 31    3608
 32    4026
 33    2306
 34    3630
 35    1915
 36    1411
 37    3846
 38    3760
 39    3370
 40    3822
 41    3893
 42    3238
 43    3904
 44    4096
 45    2262
 46    2055
 47    3764
 48    3568
 49    2065
 50    1824
 51    1934
 52    3675
 53    1970
 54    2842
 55    3653
 56    1598
 57    3619
 58    3774
 59    2277
 60    1912
 61    3836
 62    3979
 63    2198
 64    4078
 65    4096
 66    4082
 67    3464
 68    1950
 69    2028
 70    2002
 71    1950
 72    3022
 73    1316
 74    3348
 75    3760
 76    4046
 77    1951
 78    1543
 79    2173
 80    3262
 81    1998
 82    1970
 83    3524
 84    1566
 85    1601
 86    1949
 87    2089
 88    1526
 89    2287
 90    3624
 91    2180
 92    2228
 93    1883
 94    3319
 95    1673
 96    2115
 97    3659
 98    1882
 99    3655
100    2203
101    2459
102    1548
103    1842
104    1725
105    2202
106    2041
107    2185
108    2034
109    3951
110    3746
111    1648
112    1665
113    2914
114    3029
115    2071
116    2184
117    3955
118    3474
119    1196
120    1879
121    2932
122    4096
123    3988
124    2185
125    4067
126    3586
127    3699
128    2017
129    2118
130    3856
131    3865
132    4027
133    3356
134    3040
135    3576
136    2013
137    4096
138    4244
139    4036
140    4201
141    3455
142    3568
143    2382
144    1688
145    3602
146    2277
147    1758
148    2049
149    3398
150    1958
151    3659
152    1979
153    1094
154    1789
155    2246
156    170
157    3218
158    1884
159    2244
160    1749
161    3555
162    3806
163    1913
164    1777
165    3464
166    3986
167    3676
168    3507
169    3422
170    3724
171    3436
172    1846
173    3516
174    3697
175    2092
176    1757
177    3494
178    1894
179    2188
180    3804
181    2103
182    3406
183    2188
184    2294
185    3482
186    3560
187    2130
188    2155
189    3444
190    2070
191    2142
192    1799
193    2179
194    2118
195    2604
196    3692
197    2042
198    2210
199    1887
200    1891
201    4010
202    3440
203    1371
204    1774
205    2067
206    3488
207    1385
208    1974
209    3636
210    4000
211    3397
212    2290
213    3104
214    4133
215    4065
216    3537
217    1762
218    1661
219    3459
220    3256
221    3845
222    4096
223    2171
224    3582
225    2147
226    1658
227    1862
228    782
229    4007
230    3951
231    3802
232    3630
233    3580
234    3602
235    3362
236    3438
237    2152
238    1589
239    2035
240    1414
241    2143
242    1994
243    3414
244    3365
245    2117
246    3136
247    4096
248    4096
249    3422
250    3474
251    3629
252    2189
253    2094
254    3628
255    3526
256    2092
257    1665
258    2009
259    2076
260    2132
261    3468
262    2337
263    1760
264    1452
265    3182
266    3650
267    2114
268    1860
269    1531
270    1475
271    3642
272    3962
273    1908
274    2226
275    3586
276    4034
277    2251
278    2088
279    2116
280    3539
281    4074
282    3673
283    4032
284    3896
285    3860
286    3600
287    3997
288    3488
289    3523
290    1935
291    3672
292    3576
293    1744
294    1720
295    2170
296    2423
297    2162
298    1502
299    1782
300    3692
301    2207
302    2275
303    3288
304    2175
305    2042
306    1516
307    2134
308    1408
309    1505
310    1739
311    3588
312    2077
313    1804
314    2009
315    1912
316    3609
317    2235
318    2111
319    3846
320    3902
321    2253
322    1903
323    3566
324    3399
325    4096
326    2174
327    3662
328    1866
329    2747
330    1826
331    3965
332    1867
333    1977
334    3642
335    3604
336    4571
337    1937
338    4261
339    1991
340    3644
341    2189
342    3658
343    4096
344    4311
345    4096
346    4017
347    3731
348    4096
349    3680
350    3923
351    3835
352    2925
353    3729
354    3314
355    3801
356    3922
357    4040
358    3486
359    3551
360    2264
361    3680
362    1968
363    4096
364    3964
365    2252
366    1902
367    4096
368    3448
369    3991
370    3481
371    3929
372    3683
373    4046
374    2084
375    1834
376    1819
377    8191
378    8191
379    8191
380    8191
381    8191
382    8191
383    8191
384    8191
