# TAPSMaintain database table export
# Table: qaclg_par

# ID    Value
  1    5390
  2    5286
  3    5301
  4    5327
  5    5205
  6    5335
  7    5201
  8    5298
  9    5224
 10    5269
 11    5434
 12    5409
 13    5353
 14    5370
 15    5337
 16    5297
 17    5356
 18    5329
 19    5262
 20    5152
 21    5299
 22    5391
 23    5300
 24    5261
 25    5307
 26    5258
 27    5377
 28    5382
 29    5369
 30    5355
 31    5316
 32    5324
 33    5311
 34    5394
 35    5349
 36    5286
 37    5393
 38    5316
 39    5258
 40    5162
 41    5226
 42    5270
 43    5194
 44    5308
 45    5320
 46    5384
 47    5363
 48    5320
 49    5401
 50    5367
 51    5210
 52    5390
 53    5360
 54    5429
 55    5441
 56    5529
 57    5298
 58    5312
 59    5235
 60    5302
 61    5432
 62    5395
 63    5411
 64    5378
 65    5241
 66    5315
 67    5186
 68    5349
 69    5472
 70    5426
 71    5334
 72    5431
 73    5447
 74    5395
 75    5458
 76    5366
 77    5386
 78    5393
 79    5458
 80    5461
 81    5388
 82    5421
 83    5415
 84    5517
 85    5377
 86    5324
 87    5359
 88    5283
 89    5298
 90    5239
 91    5234
 92    5351
 93    5366
 94    5397
 95    5403
 96    5379
 97    5442
 98    5311
 99    5379
100    5368
101    5313
102    5415
103    5334
104    5294
105    5339
106    5229
107    5294
108    5363
109    5432
110    5459
111    5446
112    5405
113    5352
114    5503
115    5376
116    5367
117    5396
118    5378
119    5521
120    5480
121    5144
122    5313
123    5356
124    5281
125    5289
126    5370
127    5370
128    5403
129    5291
130    5303
131    5387
132    5376
133    5454
134    5311
135    5363
136    5357
137    5394
138    5348
139    5211
140    5156
141    5336
142    5366
143    5379
144    5316
145    5390
146    5413
147    5352
148    5398
149    5284
150    5428
151    5381
152    5256
153    5375
154    5397
155    5391
156    5298
157    5297
158    5406
159    5360
160    5422
161    5331
162    5238
163    5346
164    5316
165    5339
166    5293
167    5328
168    5321
169    5449
170    5305
171    5290
172    5374
173    5278
174    5250
175    5223
176    5226
177    5195
178    5329
179    5193
180    5368
181    5308
182    5298
183    5282
184    5357
185    5309
186    5395
187    5347
188    5417
189    5340
190    5338
191    5273
192    5370
193    5332
194    5442
195    5315
196    5453
197    5169
198    5319
199    5327
200    5393
201    5406
202    5389
203    5226
204    5427
205    5188
206    5293
207    5228
208    5347
209    5201
210    5331
211    5120
212    5288
213    5369
214    5211
215    5341
216    5415
217    5263
218    5204
219    5221
220    5279
221    5350
222    5380
223    5333
224    5265
225    5297
226    5384
227    5315
228    5313
229    5185
230    5182
231    5209
232    5245
233    5193
234    5412
235    5280
236    5285
237    5432
238    5387
239    5393
240    5397
241    5207
242    5272
243    5217
244    5348
245    5359
246    5249
247    5295
248    5346
249    5306
250    5344
251    5298
252    5272
253    5338
254    5273
255    5332
256    5258
257    5350
258    5387
259    5396
260    5254
261    5366
262    5338
263    5350
264    5398
265    5340
266    5411
267    5408
268    5421
269    5358
270    5366
271    5176
272    5414
273    5342
274    5282
275    5312
276    5326
277    5337
278    5326
279    5414
280    5390
281    5437
282    5275
283    5148
284    5275
285    5339
286    5331
287    5372
288    5290
289    5283
290    5328
291    5323
292    5427
293    5255
294    5188
295    5192
296    5258
297    5364
298    5322
299    5348
300    5412
301    5265
302    5295
303    5345
304    5211
305    5384
306    5361
307    5258
308    5284
309    5357
310    5389
311    5448
312    5348
313    5284
314    5259
315    5302
316    5289
317    5380
318    5314
319    5352
320    5374
321    5352
322    5258
323    5183
324    5310
325    5321
326    5254
327    5281
328    5338
329    5398
330    5324
331    5374
332    5428
333    5293
334    5355
335    5281
336    5321
337    5381
338    5379
339    5337
340    5276
341    5358
342    5143
343    5335
344    5442
345    5252
346    5260
347    5248
348    5334
349    5355
350    5314
351    5375
352    5256
353    5325
354    5359
355    5318
356    5305
357    5248
358    5194
359    5202
360    5323
361    5337
362    5194
363    5305
364    5347
365    5429
366    5353
367    5331
368    5341
369    5438
370    5394
371    5419
372    5321
373    5249
374    5298
375    5317
376    5344
377    5383
378    5467
379    5393
380    5393
381    5364
382    5413
383    5377
384    5396
