# TAPSMaintain database table export
# Table: cfd_par

# ID    Value
  1    7960
  2    8120
  3    8134
  4    8118
  5    8078
  6    8119
  7    8100
  8    8126
  9    8173
 10    8112
 11    8098
 12    8108
 13    8143
 14    8048
 15    8115
 16    8105
 17    8103
 18    8137
 19    8153
 20    8159
 21    8135
 22    8123
 23    8124
 24    8139
 25    8144
 26    8075
 27    8116
 28    8098
 29    8100
 30    8101
 31    8097
 32    8103
 33    8156
 34    8134
 35    8122
 36    8128
 37    8139
 38    8108
 39    8101
 40    8144
 41    8125
 42    8118
 43    8099
 44    8097
 45    8123
 46    8100
 47    8117
 48    8155
 49    8105
 50    8116
 51    8102
 52    8075
 53    8132
 54    8055
 55    8137
 56    8140
 57    8108
 58    8137
 59    8190
 60    8117
 61    8129
 62    8131
 63    8121
 64    8140
 65    7915
 66    8102
 67    8165
 68    8119
 69    8080
 70    8146
 71    8144
 72    8108
 73    8100
 74    8142
 75    8121
 76    8135
 77    8140
 78    8108
 79    8123
 80    8102
 81    8109
 82    8103
 83    8127
 84    8106
 85    8132
 86    8082
 87    8123
 88    8135
 89    8133
 90    8143
 91    8089
 92    8125
 93    8115
 94    8126
 95    8110
 96    8096
 97    8133
 98    8137
 99    8104
100    8106
101    8118
102    8145
103    8129
104    8118
105    8113
106    8144
107    8161
108    8105
109    8141
110    8121
111    8137
112    8121
113    8104
114    8113
115    8124
116    8142
117    8125
118    8137
119    8132
120    8110
121    8104
122    8117
123    8107
124    8116
125    8047
126    8114
127    8145
128    8108
129    8124
130    8117
131    8089
132    8154
133    8145
134    8110
135    8058
136    8115
137    8130
138    8175
139    8156
140    8084
141    8129
142    8109
143    8090
144    8150
145    8125
146    8127
147    8133
148    8035
149    8093
150    8122
151    8107
152    8130
153    8148
154    8068
155    8125
156    8075
157    8112
158    8104
159    8106
160    8053
161    8127
162    8086
163    8109
164    8118
165    8110
166    8112
167    8138
168    8115
169    8090
170    8121
171    8096
172    8112
173    8107
174    8092
175    8147
176    8100
177    8084
178    8121
179    8105
180    8150
181    8114
182    8128
183    8166
184    8120
185    8107
186    8113
187    8122
188    8147
189    8148
190    8141
191    8133
192    8128
193    7990
194    8124
195    8160
196    8114
197    8000
198    8097
199    8143
200    8110
201    8073
202    8116
203    8129
204    8089
205    8122
206    8097
207    8098
208    8104
209    8126
210    8125
211    8111
212    8127
213    8117
214    8137
215    8101
216    8114
217    8159
218    8144
219    8110
220    8112
221    8014
222    8128
223    8105
224    8119
225    8125
226    8120
227    8094
228    8145
229    8097
230    8156
231    8113
232    8098
233    8073
234    8101
235    8149
236    8145
237    8140
238    8121
239    8130
240    8107
241    8124
242    8110
243    8154
244    8080
245    8118
246    8111
247    8138
248    8106
249    8163
250    8068
251    8137
252    8093
253    8115
254    8124
255    8133
256    8115
257    8035
258    8135
259    8140
260    8086
261    8149
262    8136
263    8179
264    8116
265    8072
266    8101
267    8099
268    8080
269    8135
270    8102
271    8140
272    8120
273    8123
274    8142
275    8148
276    8138
277    8117
278    8106
279    8120
280    8101
281    8085
282    8128
283    8117
284    8096
285    8112
286    8097
287    8107
288    8109
289    8113
290    8076
291    8034
292    8107
293    8156
294    8144
295    8148
296    8095
297    8113
298    8096
299    8110
300    8146
301    8132
302    8057
303    8165
304    8114
305    8148
306    8080
307    8134
308    8146
309    8139
310    8153
311    8099
312    8128
313    8111
314    8133
315    8069
316    8097
317    8114
318    8122
319    8117
320    8075
321    8129
322    8124
323    8137
324    8139
325    8127
326    8127
327    8099
328    8130
329    8120
330    8091
331    8108
332    8117
333    8104
334    8126
335    8119
336    8026
337    8120
338    8127
339    8121
340    8118
341    8130
342    8134
343    8066
344    8115
345    8122
346    8129
347    8120
348    8136
349    8106
350    8129
351    8106
352    8112
353    8175
354    8105
355    8120
356    8125
357    8130
358    8077
359    8121
360    8155
361    8121
362    8134
363    8107
364    8114
365    8132
366    8098
367    8115
368    8122
369    8134
370    8097
371    8140
372    8124
373    8151
374    8123
375    8176
376    8087
377    8134
378    8138
379    8124
380    8118
381    8124
382    8130
383    8147
384    8129
