# TAPSMaintain database table export
# Table: ledh_par

# ID    Value
  1     1100
  2     1100
  3     1100
  4     84
  5     129
  6     107
  7     85
  8     76
  9     122
 10     45
 11     81
 12     64
 13     88
 14     89
 15     80
 16     84
 17     98
 18     90
 19     89
 20     55
 21     78
 22     79
 23     72
 24     53
 25     116
 26     37
 27     100
 28     42
 29     80
 30     77
 31     76
 32     86
 33     82
 34     88
 35     67
 36     98
 37     66
 38     71
 39     93
 40     75
 41     47
 42     36
 43     60
 44     53
 45     57
 46     31
 47     66
 48     48
 49     76
 50     59
 51     94
 52     79
 53     107
 54     75
 55     76
 56     50
 57     57
 58     60
 59     31
 60     44
 61     55
 62     36
 63     64
 64     48
 65     1100
 66     1100
 67     1100
 68     121
 69     121
 70     124
 71     72
 72     97
 73     95
 74     88
 75     83
 76     65
 77     107
 78     60
 79     96
 80     82
 81     69
 82     95
 83     88
 84     63
 85     59
 86     103
 87     61
 88     45
 89     64
 90     46
 91     91
 92     51
 93     66
 94     104
 95     40
 96     111
 97     78
 98     76
 99     90
100     64
101     92
102     37
103     61
104     91
105     61
106     54
107     77
108     82
109     50
110     75
111     112
112     69
113     98
114     87
115     31
116     55
117     46
118     80
119     59
120     101
121     58
122     93
123     57
124     95
125     63
126     44
127     88
128     86
129     1100
130     1100
131     1100
132     91
133     63
134     85
135     121
136     89
137     111
138     112
139     82
140     74
141     45
142     55
143     69
144     93
145     78
146     35
147     98
148     38
149     43
150     56
151     84
152     54
153     79
154     64
155     35
156     80
157     63
158     58
159     47
160     104
161     62
162     64
163     33
164     60
165     76
166     68
167     52
168     48
169     91
170     69
171     56
172     38
173     39
174     50
175     89
176     61
177     70
178     71
179     55
180     54
181     47
182     51
183     56
184     68
185     53
186     67
187     42
188     58
189     73
190     34
191     51
192     65
193     1100
194     1100
195     1100
196     70
197     100
198     122
199     109
200     92
201     110
202     75
203     76
204     85
205     84
206     122
207     77
208     80
209     76
210     48
211     94
212     61
213     95
214     41
215     73
216     96
217     106
218     72
219     95
220     46
221     87
222     46
223     80
224     57
225     93
226     50
227     47
228     88
229     35
230     84
231     51
232     25
233     59
234     56
235     46
236     72
237     46
238     55
239     89
240     67
241     122
242     36
243     55
244     95
245     87
246     92
247     44
248     69
249     59
250     60
251     81
252     42
253     79
254     92
255     56
256     101
257     1100
258     1100
259     1100
260     83
261     80
262     81
263     117
264     78
265     95
266     113
267     64
268     72
269     67
270     71
271     24
272     58
273     72
274     65
275     52
276     58
277     67
278     85
279     50
280     90
281     47
282     76
283     54
284     88
285     82
286     49
287     77
288     60
289     75
290     51
291     89
292     77
293     31
294     55
295     75
296     61
297     65
298     33
299     63
300     50
301     65
302     52
303     50
304     71
305     93
306     66
307     93
308     54
309     60
310     84
311     56
312     63
313     65
314     61
315     49
316     27
317     66
318     73
319     80
320     89
321     1100
322     1100
323     1100
324     60
325     85
326     73
327     72
328     73
329     81
330     56
331     43
332     60
333     60
334     68
335     110
336     36
337     107
338     81
339     86
340     71
341     104
342     50
343     61
344     71
345     93
346     86
347     88
348     97
349     96
350     96
351     55
352     46
353     68
354     93
355     75
356     59
357     67
358     83
359     58
360     48
361     37
362     54
363     49
364     65
365     66
366     89
367     68
368     59
369     52
370     44
371     76
372     79
373     72
374     80
375     53
376     54
377     63
378     64
379     34
380     26
381     37
382     97
383     93
384     95
