# TAPSMaintain database table export
# Table: ledl_par

# ID    Value
  1    -999
  2    -999
  3    -999
  4    -100
  5    -152
  6    -125
  7    -100
  8    -90
  9    -142
 10    -53
 11    -95
 12    -76
 13    -101
 14    -103
 15    -92
 16    -98
 17    -114
 18    -106
 19    -105
 20    -66
 21    -93
 22    -93
 23    -84
 24    -62
 25    -136
 26    -44
 27    -119
 28    -51
 29    -90
 30    -90
 31    -90
 32    -90
 33    -96
 34    -104
 35    -80
 36    -116
 37    -78
 38    -83
 39    -111
 40    -88
 41    -58
 42    -45
 43    -74
 44    -64
 45    -67
 46    -37
 47    -76
 48    -58
 49    -89
 50    -71
 51    -111
 52    -94
 53    -123
 54    -87
 55    -89
 56    -60
 57    -68
 58    -72
 59    -37
 60    -53
 61    -64
 62    -44
 63    -73
 64    -56
 65    -999
 66    -999
 67    -999
 68    -142
 69    -143
 70    -143
 71    -84
 72    -114
 73    -106
 74    -104
 75    -99
 76    -75
 77    -126
 78    -71
 79    -114
 80    -97
 81    -82
 82    -112
 83    -107
 84    -74
 85    -70
 86    -119
 87    -73
 88    -53
 89    -73
 90    -55
 91    -108
 92    -61
 93    -79
 94    -125
 95    -48
 96    -130
 97    -90
 98    -89
 99    -107
100    -76
101    -108
102    -44
103    -74
104    -107
105    -71
106    -65
107    -91
108    -97
109    -61
110    -88
111    -133
112    -83
113    -117
114    -101
115    -41
116    -65
117    -57
118    -97
119    -73
120    -122
121    -68
122    -109
123    -67
124    -112
125    -75
126    -52
127    -104
128    -101
129    -999
130    -999
131    -999
132    -109
133    -76
134    -101
135    -141
136    -107
137    -129
138    -134
139    -98
140    -85
141    -53
142    -67
143    -81
144    -109
145    -88
146    -41
147    -115
148    -45
149    -51
150    -67
151    -99
152    -62
153    -94
154    -75
155    -42
156    -94
157    -76
158    -68
159    -57
160    -121
161    -72
162    -72
163    -38
164    -68
165    -91
166    -80
167    -61
168    -59
169    -108
170    -82
171    -66
172    -44
173    -48
174    -60
175    -104
176    -71
177    -81
178    -84
179    -64
180    -65
181    -55
182    -60
183    -67
184    -80
185    -63
186    -80
187    -52
188    -69
189    -84
190    -40
191    -62
192    -74
193    -999
194    -999
195    -999
196    -85
197    -117
198    -143
199    -128
200    -108
201    -131
202    -89
203    -88
204    -100
205    -99
206    -142
207    -90
208    -95
209    -89
210    -57
211    -108
212    -72
213    -112
214    -50
215    -86
216    -112
217    -124
218    -83
219    -112
220    -55
221    -101
222    -55
223    -95
224    -67
225    -109
226    -64
227    -59
228    -102
229    -42
230    -96
231    -65
232    -32
233    -70
234    -67
235    -55
236    -86
237    -54
238    -65
239    -104
240    -84
241    -143
242    -43
243    -68
244    -110
245    -104
246    -106
247    -54
248    -81
249    -70
250    -72
251    -95
252    -49
253    -91
254    -110
255    -66
256    -121
257    -999
258    -999
259    -999
260    -98
261    -96
262    -96
263    -140
264    -93
265    -110
266    -132
267    -76
268    -83
269    -79
270    -86
271    -29
272    -68
273    -86
274    -75
275    -61
276    -70
277    -78
278    -101
279    -60
280    -106
281    -56
282    -89
283    -62
284    -104
285    -97
286    -57
287    -91
288    -70
289    -88
290    -59
291    -104
292    -91
293    -38
294    -64
295    -88
296    -71
297    -79
298    -38
299    -74
300    -57
301    -76
302    -62
303    -56
304    -83
305    -110
306    -79
307    -109
308    -63
309    -72
310    -101
311    -69
312    -73
313    -73
314    -71
315    -57
316    -29
317    -79
318    -87
319    -97
320    -103
321    -999
322    -999
323    -999
324    -71
325    -102
326    -87
327    -83
328    -86
329    -96
330    -68
331    -51
332    -73
333    -72
334    -81
335    -129
336    -43
337    -127
338    -96
339    -100
340    -84
341    -122
342    -58
343    -76
344    -84
345    -110
346    -103
347    -104
348    -116
349    -115
350    -110
351    -66
352    -53
353    -79
354    -109
355    -88
356    -70
357    -81
358    -98
359    -68
360    -58
361    -45
362    -65
363    -61
364    -77
365    -78
366    -107
367    -80
368    -68
369    -64
370    -50
371    -87
372    -93
373    -86
374    -96
375    -65
376    -66
377    -77
378    -82
379    -40
380    -33
381    -43
382    -115
383    -109
384    -113
