0   404
1   404
2   404
3   404
4   404
5   404
6   404
7   404
8   404
9   404
10  404
11  404
12  404
13  404
14  404
15  404
16  404
17  404
18  404
19  404
20  404
21  404
22  404
23  404
24  404
25  404
26  404
27  404
28  404
29  404
30  404
31  404
32  404
33  404
34  404
35  404
36  404
37  404
38  404
39  404
40  404
41  404
42  404
43  404
44  404
45  404
46  404
47  404
48  404
49  404
50  404
51  404
52  404
53  404
54  404
55  404
56  404
57  404
58  404
59  404
60  404
61  404
62  404
63  404
64  404
65  404
66  404
67  404
68  404
69  404
70  404
71  404
72  404
73  404
74  404
75  404
76  404
77  404
78  404
79  404
80  404
81  404
82  404
83  404
84  404
85  404
86  404
87  404
88  404
89  404
90  404
91  404
92  404
93  404
94  404
95  404
